name: qiime1
channels:
  - conda-forge
  - bioconda
  - defaults
dependencies:
  - biom-format=2.1.7=py27_0
  - blast=2.7.1=h4422958_6
  - burrito=0.9.1=py27_0
  - burrito-fillings=0.1.1=py27_1
  - cogent=1.5.3=py27h1341992_2
  - emperor=0.9.51=py27_0
  - perl-archive-tar=2.32=pl526_0
  - perl-carp=1.38=pl526_1
  - perl-compress-raw-bzip2=2.081=pl526hfc679d8_0
  - perl-compress-raw-zlib=2.081=pl526h2d50403_0
  - perl-data-dumper=2.161=pl526_2
  - perl-encode=2.88=pl526_1
  - perl-exporter=5.72=pl526_1
  - perl-exporter-tiny=1.000000=pl526_0
  - perl-extutils-makemaker=7.34=pl526_2
  - perl-io-compress=2.081=pl526hfc679d8_0
  - perl-io-zlib=1.10=pl526_2
  - perl-list-moreutils=0.428=pl526_1
  - perl-list-moreutils-xs=0.428=pl526_0
  - perl-parent=0.236=pl526_1
  - perl-pathtools=3.73=h470a237_2
  - perl-scalar-list-utils=1.45=pl526h470a237_3
  - perl-test-more=1.001002=pl526_1
  - perl-xsloader=0.24=pl526_0
  - pynast
  - pyqi=0.3.2=py27_1
  - qcli=0.1.1=py27_1
  - qiime=1.9.1=py27_0
  - qiime-default-reference=0.1.3=py_1
  - rdp_classifier=2.2=1
  - scikit-bio=0.2.3=py27_0
  - boost=1.67.0=py27h3e44d54_0
  - boost-cpp=1.67.0=h3a22d5f_0
  - bzip2=1.0.6=h470a237_2
  - ca-certificates=2018.11.29=ha4d7672_0
  - certifi=2018.11.29=py27_1000
  - gmp=6.1.2=hfc679d8_0
  - gnutls=3.5.19=h2a4e5f8_1
  - nettle=3.3=0
  - openjdk=11.0.1=h470a237_14
  - openssl=1.0.2p=h470a237_1
  - pcre=8.41=hfc679d8_3
  - perl=5.26.2=h470a237_0
  - backports=1.0=py27_1
  - backports.shutil_get_terminal_size=1.0.0=py27_2
  - blas=1.0=mkl
  - cairo=1.12.18=6
  - click=7.0=py27_0
  - decorator=4.3.0=py27_0
  - enum34=1.1.6=py27_1
  - fontconfig
  - freetype=2.5.5=1
  - funcsigs=1.0.2=py27h83f16ab_0
  - future=0.16.0=py27_2
  - gdata=2.0.18=py27_0
  - h5py=2.8.0=py27h8d01980_0
  - hdf5=1.10.2=hba1933b_1
  - icu=58.2=h9c2bf20_1
  - intel-openmp=2019.0=118
  - ipython=5.8.0=py27_0
  - ipython_genutils=0.2.0=py27h89fb69b_0
  - libedit=3.1.20170329=h6b74fdf_2
  - libffi=3.2.1=hd88cf55_4
  - libgcc-ng=8.2.0=hdf63c60_1
  - libgfortran-ng=7.3.0=hdf63c60_0
  - libpng=1.6.17=0
  - libstdcxx-ng=8.2.0=hdf63c60_1
  - libxml2=2.9.8=h26e45fe_1
  - linecache2=1.0.0=py27_0
  - matplotlib=1.4.3=np19py27_2
  - mkl
  - mock=2.0.0=py27h0c0c831_0
  - mpi4py=2.0.0=py27_2
  - mpich2=1.4.1p1=0
  - mysql-python=1.2.5=py27_0
  - natsort=3.5.0=py27_0
  - ncurses=6.1=hf484d3e_0
  - nose=1.3.7=py27_2
  - numpy
  - numpy-base
  - pandas=0.23.1=py27h637b7d7_0
  - pathlib2=2.3.2=py27_0
  - pbr=4.2.0=py27_0
  - pexpect=4.6.0=py27_0
  - pickleshare=0.7.5=py27_0
  - pip=10.0.1=py27_0
  - pixman=0.32.6=0
  - prompt_toolkit=1.0.15=py27_0
  - ptyprocess=0.6.0=py27_0
  - py2cairo=1.10.0=py27_2
  - pygments=2.2.0=py27_0
  - pyparsing=2.0.3=py27_0
  - pyqt=4.11.4=py27_4
  - python=2.7.15=h77bded6_2
  - python-dateutil=2.7.3=py27_0
  - pytz=2018.5=py27_0
  - qt=4.8.7=3
  - readline=7.0=h7b6447c_5
  - scandir=1.9.0=py27h14c3975_0
  - scipy
  - setuptools=40.4.3=py27_0
  - simplegeneric=0.8.1=py27_2
  - sip=4.18=py27_0
  - six=1.11.0=py27_1
  - sqlalchemy=1.2.12=py27h7b6447c_0
  - sqlite=3.25.2=h7b6447c_0
  - tk=8.6.8=hbc83047_0
  - traceback2=1.4.0=py27_0
  - traitlets=4.3.2=py27_0
  - unittest2=1.1.0=py27_0
  - wcwidth=0.1.7=py27h9e3e1ab_0
  - wheel=0.32.1=py27_0
  - xz=5.2.4=h14c3975_4
  - zlib=1.2.11=ha838bed_2
